-1.19507697338084	-1.81256285871772
-1.82395581154582	-2.15121715889714
-0.191332543974636	-0.0128757245824964
-1.22452478962729	-1.31667285687892
-1.35289815777665	-0.998059630353820
-1.88892189912669	-0.603765700330926
-1.71145976794922	-0.949127390355494
-1.17612237751414	-1.12110097401332
-1.65881409425676	-1.46397125714975
-0.615504215406713	-0.838469650085599
-0.744708802403619	-1.62497082603700
-1.41799484154628	-1.59819202541660
-1.64138185725260	-0.837331214436007
-0.923917096025807	-0.356727761509202
-1.16315065172911	-1.45253920682624
-1.83455649768637	-0.995963052687386
-1.70016135031733	-0.663821929069303
-1.83590121360953	-0.716008554426105
-1.21218549170842	-1.06492723362366
-1.88904675771041	-1.51720326779440
-1.22351084935650	-1.23961687697580
-1.71171441891824	-0.511525417193854
-1.31920641757597	-1.90410624496662
-1.67594462097305	-1.12938415834612
-1.36522964601347	-0.555140302529816
-1.26706793596059	-1.51241247617331
-0.573219528753076	-1.66681714701505
-0.980355330076394	-1.33936245690309
-1.04455171027075	-1.30026247969635
-1.61986564330066	-1.13162941836186
-1.40950096010378	-1.64167442930756
-1.37787522659333	-1.15873103863787
-1.45180355773014	-1.50193744902722
-1.91523424880963	-1.38436413207953
-1.67612609283113	-1.61908521128659
-1.58738751977205	-1.34123752070412
-1.74032670974051	0.584933888437164
-1.08158164429116	0.503766183193220
-0.230825329305489	-0.626541070087425
-1.43582986832835	-1.83906868459545
-0.848745895196431	-1.50970283211671
-0.795044249990488	-0.932349477077759
-0.528157760803928	-1.14576245825981
-1.38659051248929	-1.66292420994590
-0.950535398757629	-1.19733915510257
-1.42640562376387	-0.630425254524610
-0.352167093493579	-0.986319376229036
-0.123721061202255	-1.10948392534491
-1.43084113759222	-0.871260130645840
-1.68249649668674	-2.00822564773983
-1.92405500578741	-1.19061282396951
-1.88237668226057	-1.41298037914809
-1.46090555245833	-1.86427627591819
-0.446685172147111	-1.35994280943058
-1.85792369656691	-0.787284767722552
-1.64025783087074	-1.31464640463450
-0.916762497741992	-1.06887459335253
-0.893589290617871	-1.64898977236140
-0.986991756902008	-1.15304162175552
-1.06463698945816	-1.67559073242578
-1.69087893925445	-0.613705034780324
-1.28555348644850	-0.332452066815102
-1.64956526001145	-1.38584802267542
-1.94993425999977	-0.603567935658016
-1.18262726937146	-0.723175986893044
-1.46627320458572	-1.90752226750038
-1.59356027242069	-1.21667815902382
-1.35413627249880	-1.06944111823023
-1.00615265404416	-0.938502732831533
-1.30353271506122	-0.861606578618390
-1.40272431298698	-0.862802171203077
-1.36010752175883	-0.860800520300824
-1.47438984407777	-1.35628985973199
-1.88723312196971	-1.01037811718182
-0.795546524503252	-1.78417534832161
-1.76704929189594	-0.599017189154874
-0.536120785094155	-1.53036929557322
-1.58812377362881	-1.03622047997779
-1.62187518124323	-0.445936460427219
-1.94880032935498	-1.64445447893061
-1.89616843255352	-1.67964231525180
-1.97648734547669	-1.44635965212736
-1.32304727288179	-0.979471710412708
-0.701486838044422	-1.30238212415181
-1.23626487442904	-1.68890346436289
-1.07289884942408	-1.98647329372919
-0.829076738977023	-1.38513078275906
-1.58377966108485	-1.46760641106846
-1.32349234273642	-1.33098608652771
-1.14137313725492	-1.74770745932993
-1.10465826512634	-1.12769267427195
-1.55828566432943	-0.865483282348849
-1.22345505606086	-1.62441457987896
-1.98032240235957	-1.22854505959647
-1.11939985906658	-1.50730927006633
-0.903346424148465	-1.20682159428353
-0.683971392039561	-0.993943251925703
-1.52083153714822	-1.03940963351556
-1.80775366756421	-1.19244358072798
-0.842922595612078	-1.78224627060828
-1.39734765835390	-0.404606011620707
-0.903534800737139	-0.936762475702225
-1.90141154915297	-1.06759070411820
-1.49132782697817	-1.01733580378408
-1.08580636700445	0.00622152858531067
-1.39113082580926	-0.829876389710302
-1.76841091064375	-1.47099359155666
-1.65101614922318	-1.13885840793075
-0.593208934547833	-0.718860333614970
-1.04257412357946	-1.32698742166163
-1.52854035795724	-0.254122005368183
-0.845318961085290	-1.81012706861382
-1.67413340516763	-1.17378542561139
-0.793719419635353	-2.17696685030427
-0.748808535708603	-0.917289714419901
-1.13481200273136	-1.16110276879986
-1.25462386404832	-1.15964940618684
-1.79306306978820	-0.802646095281268
-1.12755017478786	-0.678155531760642
-1.91407748490283	-0.798907675986233
-1.21273963417529	-1.43441218241781
-1.35907930867737	-1.22329618716330
-0.930346865484747	-1.02327348260879
-1.71293392278585	-1.82840028159215
-1.18193005429852	-1.71801571893977
-1.10341095930521	-1.41348134388177
-1.94918855705037	-1.16116566028399
-1.42187757786123	-0.304534870519698
-0.701373044361215	-0.801368432296548
-1.44378014470313	-1.42125037041235
-1.65431246727351	-1.51454554575741
-1.27167019544242	-0.433101864336945
-1.63755041528383	0.166770190656621
-1.27842819560811	-1.11628046125748
-1.56738256336143	-1.43943258280134
-1.50916411486934	-1.90632694159090
-1.26960528749639	-0.712505972465513
-0.818842267828849	-1.05514050789073
-1.27406271630965	-0.617295874453923
-0.675808171476915	-1.65435280815944
-1.72462840572246	-1.52702316759581
-1.38200339914403	-0.562522730846642
-1.91758648189164	-1.47559530546797
-1.19148245935971	-1.37391015912987
-1.19364924814636	-0.703018732922201
-1.35530942235256	-0.985781913488095
-1.30234193881577	-1.70209264008099
-1.93528142102850	-1.51634393833154
-1.74884418910211	-1.72285499561247
-1.55333590852808	-0.947146495270624
-1.84391456771393	-1.03402313930162
-1.33405956150929	-2.01770626134406
-0.317387628700544	-2.15342010265809
-1.74111535923488	-1.22019936052125
-1.17627589664962	-0.851403335176793
-0.830222701047942	-1.97189816286561
-1.98457017791442	-1.97590119707085
-1.39564219936390	-0.766461098190308
-1.80929667768027	-1.27268649521170
-1.24399217813177	-1.39312083190851
-1.49432291444959	-0.541897943818599
-1.52199431313335	-1.59823211329694
-0.0254537293422061	-1.13227931405720
-1.81502309676367	-0.991096784895702
-1.52343969976910	-0.790060177018150
-0.158487244614134	-1.62717668956000
-1.22350062726687	0.174233277937606
-0.984680207956604	-0.983010483613200
-1.33623509376190	-1.31488386673201
-1.17393759436503	-1.61354318814955
-1.63943055819391	-1.61599130769672
-1.37740420313799	-0.951050249708348
-0.763743260589211	-0.0421869483277502
-1.29226553151062	-1.47953067855580
-1.82738442592901	-0.211716970836664
-1.64817415770330	-0.927669812355283
-1.95241722366385	-0.890062182124668
-1.70209077251560	-1.20279139172245
-1.86289908302448	-0.646400377287900
-1.93324251267981	-1.29279505421857
-1.71092339022099	-1.76070890625595
-1.97133316214031	-1.07677524180044
-0.829058141371026	-0.419481384907406
-1.99421735614743	-1.79831085728136
-0.591028656178263	-1.32117263899610
-1.68721830325398	-0.697585918278751
-1.80934090378373	-0.887277110269600
-1.03274951885222	-0.823519791108703
-0.972035371753643	-1.09325815823865
-1.41988636162568	-1.58511703643429
-1.35629983987842	-1.20356732626437
-1.18354721147938	-1.15340673761128
-1.79085486273359	-0.868241039084199
-1.72455153992471	-0.390061280322517
-1.02536264819934	-1.22541654824081
-1.14127929527761	-1.60634853538330
-0.356085697164624	-1.41920996734846
-1.41663616832515	-0.770695002682253
-0.655300346286667	-0.755568923058647
-0.858859626453717	-1.16538908948038
-1.79131548217363	0.0434106601486723
-1.38869275968320	-2.03282155894075
-1.11027426356880	-1.40796397242601
-1.30764642120714	-1.24211230323545
-1.15181653855834	-1.15537402624626
-1.55635777958690	-0.471926399762326
-1.51941185046403	-1.09027324068096
-1.45595568544354	-1.25743862595966
-1.89482798660817	-1.16569876525845
-0.788519690600435	-0.824252571514950
-1.49683415793519	-1.54471352896159
-1.15675957608303	-0.974593207737792
-1.92746681682419	-1.98251232892836
-1.54548362559682	-1.67089598453052
-1.62638591646949	-1.52643075290811
-0.902588090682934	-1.05873538004151
-1.19696814531787	-1.76253952149268
-1.22974278541895	-1.69448704357159
-1.39897433089124	-1.27576083915165
-1.67393898654255	-0.618627817196821
-0.854956004922314	-1.29096814307768
-0.829423090560039	-1.31697677016548
-1.79039884470022	-1.72336703494168
-1.06243219900416	-0.408340561106480
-0.802275056533614	-1.32470671076230
-1.33950738902345	-0.552990495822471
-0.688308770790084	-1.01900993103985
-0.968783345445641	-1.33152625435183
-1.39294738098271	-0.658927774041722
-1.06159839901701	-0.708782959903555
-1.40279649435446	-1.25572198214443
-1.70744607988384	-0.552024607255282
-1.32077063280241	-0.309352489248211
-1.48188866597794	-1.23280743786952
-1.68231558404456	-1.32784043268494
-0.614490216490864	-0.997680921480267
-1.38936346614224	-1.02412162333645
-0.134811207565983	-0.796244469895858
-1.64808269167358	-1.32779524615389
-1.21785222403250	-0.842443360607157
-0.708689668476388	-0.675701343568202
-0.135384938394810	-1.11122572249173
-1.34821785957948	-1.12335115758601
-1.89512923929894	-1.82716223915819
-1.09830988374669	-1.78640042915442
-1.63692287981328	-1.82214399355320
-1.36406653919871	-1.27754968766738
-0.755223246106958	-2.00745690675080
-0.781429237605088	-0.0769674251075863
-1.51378069828025	-0.830359433845141
-1.66064020998290	-1.77727529070215
-1.16943755692479	-1.25359593906370
-0.542353030730418	-2.05643954326443
-1.42162019509142	-1.42994727106319
-1.65026822897201	-0.654499948313537
-1.75001738873492	-1.28194012837836
-1.14176430971428	-1.23362023512217
-0.831355636478871	-1.70079622799232
-0.437160026571532	-1.47783072356732
-1.47297710778120	-1.87577817126100
-1.41848204098392	-1.01789433863260
-1.81635337023500	-1.42610380248927
-0.694004253642331	-0.808317015056970
-1.53772436209354	-0.581381676060123
-1.73661857166568	-0.661400909283271
-0.407879606571393	-1.21742056180187
-1.09505944686352	-1.45199366698135
-1.14182859786137	-1.81200948740439
-1.28300669338388	-0.720263249632314
-1.23992820368754	-1.37046521929704
-1.61289722590127	-0.891849746162581
-1.70246088827459	-0.768040315206153
-1.23607039229002	-1.90845708348813
-0.955486614697830	-1.10208657359010
-0.607562644189307	-1.27556620146909
-1.65187726005981	-0.753607918482791
-1.50434831574687	-1.38209509404181
-1.24668248673242	-1.61309434428018
-0.898374005657378	-1.06199434736561
-1.23899113515064	-0.970101349513660
-1.30147695385146	-1.30875333519262
-1.74140542015953	-0.801938516284298
-1.61574859724306	-1.95901128394290
-1.19330739383327	-1.73745851619298
-1.21580321308024	-0.939296405687141
-1.28346980551838	-1.32656286875167
-1.54606037424988	-0.695367368820518
-1.62202746898270	-1.17449397345139
-1.60959433152332	-1.42021639550540
-1.93988335819432	-1.62423470565217
-1.66040216254454	-1.32018541962691
-1.89220764687782	-0.898535281919233
-1.68248126396953	-1.95812682551317
-1.44136471380323	-1.23417425114071
-1.41283015561426	-0.808803567395134
-1.60782820652159	-1.91036296153742
-1.57630573981231	-0.865317434588488
-1.48315589006823	-0.858381681137791
-1.27085889725010	-1.64106811161347
-0.859184389559600	-1.95225437773995
-1.18995497422087	-0.983430300577019
-1.64333693123023	-0.795872143281243
-1.20099214287439	-0.910531007089039
-1.62276633767655	-0.818575437096409
-1.61856363048355	-1.48068359459617
-1.80981290741596	-1.97794824092939
-1.86008018982865	-0.649895771852386
-1.47967141318391	-1.11247084904941
-1.82949071429178	-0.698194344833464
-1.81525751641424	-0.444495912860517
-1.19518745440937	-1.76861951515789
-1.10883251475057	-0.878490803419314
-0.281707820962099	-1.20638002202802
-1.34879629173115	-0.742870137495315
-1.47084007305568	-0.646152711982987
-1.78706698119686	-0.789764269266855
-1.59760620052555	-1.60880591612747
-1.52526563876278	-1.26324261055261
-1.62867881179098	0.379264036465178
-1.12522905731444	-0.586691385744147
-1.78538215449988	-0.0396823393232619
-1.25288331202344	-0.992751069680491
-1.00427978058737	-1.09408421660986
-0.961429943282911	-0.893416554148747
-1.11157910089650	-1.46388848040809
-1.78218834556521	-1.27881534140626
-1.04925428245354	-1.88680089229680
-1.30266223421585	-0.764580922641046
-1.49757278814054	-1.98426665107059
-1.28154068598592	-2.12212644795778
-0.934963640001665	-1.05579509514816
-1.42311462945462	-1.67545556375660
-1.87931357837167	-1.65536604703399
-1.59008154856164	-1.28097458515129
-1.60389479305399	-1.44445088285947
-1.05162735603308	-1.31139100396776
-1.29384614897973	-1.06396675178097
-1.22624015638527	-1.78426544691522
-1.42608247822552	-1.81211715346461
-1.46942935248970	-1.39512131502977
-1.39164722473981	-0.867859121120483
-1.41056481350687	-0.949336232845765
-1.03620789089720	-0.929843127151128
-1.55508896785453	-0.704624506734013
-0.713801060613499	-0.705310941649007
-1.21975469300193	-1.54442059145908
-1.71017230281374	-1.62841880330028
-1.57697269483290	-1.17580499117013
-1.63759929671078	-1.53242670143379
-1.37943977261046	-0.473629019505083
-1.12265680312768	-0.510077123927783
-1.64595494989246	-1.15243179051515
-1.27077731001140	-1.41356353199197
-0.622355684127779	-0.944596095079190
-1.03425470422922	-1.52813681219023
-1.08736777928508	-1.26250838797433
-1.90740356697364	-1.46523335015363
-1.76710208949234	-1.14720680036653
-1.37872417046884	-0.635824796686300
-1.55032397453603	-0.828760979452183
-0.986905303723903	-1.11009916403778
-1.87906373797945	-1.69167391010043
-0.460827605443576	-1.00758571462401
-1.27561818074188	-0.551844815720162
-1.49968694229645	-0.650385258253997
-1.87811965455734	-0.873388475625413
-1.29783758693266	-1.45253669363571
-1.89692643764089	-1.43799690349169
-1.46656539469149	-1.42415226896972
-1.64191496315140	-0.749030014070508
-0.927096850515678	-1.13085627547314
-1.40941535522705	-1.38920387925078
-1.47287488572769	-1.12846787130699
-1.15612317286262	-0.397480666789922
-0.787317131906494	-1.42422105567548
-1.94692557892943	-1.11579433953917
-1.48111765002291	-1.76024834750637
-1.68178464409458	-0.999634546218455
-1.42522175876972	-0.830468677648506
-0.738052552731740	-1.96560913607954
-1.22709491596827	-0.947689606566762
-0.495036252739148	-1.63210732296948
-0.791664669570967	-1.38827747599355
-1.49425966722273	-0.805994797476617
-1.96952466054027	-1.05089717925152
-1.49151451421547	-0.896633727232767
-1.39042045320823	-0.382750660545042
-0.977089694931961	-1.51174686215834
-1.97549132698496	-1.87505008297161
-1.10260128856916	-1.78112048952253
-1.46428509505630	-1.67213960071578
-1.88684345113619	-1.53560546993697
-1.11291907820194	-0.911659415069090
-1.61755276546163	-1.08201805821098
-0.561353887520399	-1.58921067500014
-1.19538029877940	-0.650219027302310
-1.55513693950158	-1.62778214781802
-1.36127126421098	-1.19622118821843
-1.45647704276382	-1.66879288440106
-1.41320347428129	-1.54077984125459
-1.27320442331446	-1.33006971519553
-1.80175901549415	-1.31439768215441
-1.89851196399792	-1.46240649699496
-1.31967555125315	-0.635840742622330
-0.557454161329252	-0.924930375238926
-1.65341091532640	-0.272426319650386
-1.61927275399053	-0.666684614563736
-1.66367226084415	-0.880758115290824
-1.26224100800795	-1.01426727167145
-1.56500244557118	-1.38708964995706
-1.79717664082884	-0.852325836924377
-1.72188345505251	-0.761185629564356
-1.92976058311102	-0.990104339815175
-1.75799295018096	-1.53700915685854
-1.85357929538046	-1.33380836284292
-1.65082727287741	-1.10672481404935
-1.50968113312137	-1.59525936844828
-1.32981471790532	-1.44473899096623
-1.98161549109952	0.287236935300991
-0.943038707009714	-1.51129267843576
-1.69589732951271	-0.719425536624340
-1.67231358408594	-1.25327757578282
-1.78741747541750	-0.963255153950775
-1.87035336380463	-0.517179520803762
-1.21747009387359	-0.811105357205814
-0.499928816703495	-1.47445096161491
-0.388336139883064	-1.26300568005822
-1.74608879294176	-1.05020979635004
-1.52300146724770	-1.05191440799539
-1.73287350291753	-0.599608541225796
-1.46202628393717	-0.654913586632615
-1.95938482207981	-1.37935161267299
-1.51822157150515	-0.833131238112094
-2.87966842968316	-4.10835359929200
-1.86366871531176	-4.71181442186948
1.60984605323831	0.774874282564563
-3.68677311871922	-2.73480456642767
-2.52831713655723	-5.04789033046377
0.352088376908355	0.0975656822057265
3.61733491205073	4.37424855083501
-2.71165753454407	-6.55186406853224
-1.60814516495319	-4.55591668796837
-4.34550201016110	-5.91181887680953
1.55095042074541	1.76665428624216
-2.99925259380827	-4.95056535246128
-2.94650519242623	-3.92195412518063
1.29420368444670	2.40388073929236
-5.34190519391168	-4.69182124001887
0.222156201746612	3.19246859933815
-0.0649300960900396	0.315241151458991
-1.75190485544584	-4.70036145729789
-0.190768146434920	-5.19721845554178
-3.23218486177563	-5.14642243294284
-2.71296785310661	-5.10307086977891
-0.768414032311056	2.41314852994993
-3.46460448989336	-7.79898194583242
-2.61568222328774	-4.60672482395464
-3.37982752335331	-4.00975284734813
-3.10177822754550	-6.29763291067202
-1.38184885829687	-6.52196836203740
0.577080464101570	2.50174521928901
-3.84722988264986	-4.37898869233613
-0.0531024291901772	2.08306434516423
-3.57588317671282	-6.50752258512374
1.64775524497173	2.15779805197337
0.682371811486488	1.47205748570049
2.76899156918657	2.72306069982880
2.51058239519276	1.15005834792601
-3.07591312836855	-6.67940213835796
-3.13247159217773	-4.21102379926961
1.16401031690744	1.20361594916679
-1.56069033386318	-5.65428236053466
0.717236285494792	2.72533757112799
2.15216580794839	3.68654447698160
-0.146507632116703	1.61360583050275
-0.968737084975266	-3.75509698968310
-3.97820161005023	-6.29226441786498
1.67369869654178	1.49492158634753
0.330887004627264	2.40807389462523
0.599677299365337	3.07235614186139
-3.64102366799238	-5.61435247362260
-2.47952433048396	-4.75830478864485
-3.38069999615399	-4.45065085200821
0.328197572780942	2.96798289114779
-1.00714805875662	-4.53236568243729
-1.36412975185055	-4.80854299699096
1.57562901658315	2.27014553275268
0.221906484579187	1.36559346441119
-0.0635612028846657	2.62976318032837
-2.44098110867050	-5.22980495576663
1.55297830128700	1.92076624604841
-2.43636241559298	-5.57921683992313
0.576571162163513	3.37694916561229
-3.33839662132428	-4.51951882283318
1.36158716484806	0.591787510066756
-2.23635262841465	-5.38683264186673
-1.87255765396271	-4.57838445863063
-2.85842883273695	-3.91229414473125
-1.07186589702985	-7.24933189844400
-2.32936209044667	-3.19551986043071
0.648110758053894	2.14123168330777
1.26954070797306	3.28971939494037
-1.56444935612109	1.50506370134070
-3.11011123699940	-5.63206037943191
1.46586412807883	1.37517504765337
-2.62903774198809	-3.68354179280340
2.85356094249385	1.06636570596990
-1.90340530665166	-3.44840794150934
2.03928933984721	1.72127508619381
1.91089657945850	1.79947504060731
0.760268713398671	2.13674116327628
-3.39816310715508	-6.46890810350677
1.18099807979244	1.11665114138489
1.24424954681335	2.08253792272426
-3.08546255128850	-4.82306164391304
-0.626712588846984	-1.53374008560830
-3.47392101993526	-5.21462672444503
-2.05365914158175	-4.51371743658028
1.09639288453972	1.39612510194557
-2.18183842413301	-4.66911488007702
-1.41102911556116	-3.73209791907016
0.169531502380739	1.63127173584094
-2.47398800278794	-3.90948579445539
0.647747814337737	1.16182957742681
0.825224960455901	1.71752495859176
-5.46519755266207	-5.94645061033580
-3.85252794256452	-5.43849914361070
-2.48826458723952	-4.65677932773447
0.519346580518987	5.56986777687433
-2.74222508862559	-5.05840338194651
1.83683671141768	5.40753236638644
3.53834934138902	3.14691785982515
-0.323334251480401	2.78725753301409
1.12834026334331	0.721862630809098
-1.03755260499834	-2.46502531226493
-0.442379153361138	1.41540689871876
-1.59368509107476	-4.56135456223980
2.30250820960714	1.38059433576659
-2.50316626807542	-4.56248228200150
2.40991150001902	2.53530104584448
-2.91716943772448	-5.83767599518706
-4.54847786497645	-6.30750261602475
-1.13684036686976	-4.20585728457835
-0.662542970358081	2.48298705289321
2.94368447839214	2.10847508348038
-0.0846984522376155	1.65971527433239
-2.86597337818109	-5.19726378944561
1.22681897502142	1.07415158010821
-4.54600257382621	-4.35084718374552
-2.56671760380837	-5.83147427215967
-2.89704578001254	-4.10404593999884
2.09892920248474	2.00532168979485
1.14718875247226	3.13914949095078
3.29566581301284	2.42736124754193
-3.57034609987664	-6.81348642042825
3.75255787759549	2.18103214931017
-2.50693784330625	-3.43331654605203
-3.70751321350798	-4.15349933544130
-4.34802503597085	-4.88984516374446
1.13831772481555	2.65747973870832
-0.907066208373120	2.58424560592561
0.635007006626522	0.383548704520348
-4.75430153093620	-6.16110152841623
0.151889988425179	2.01877435206098
-3.36380895464737	-5.39753570256193
0.235246635478862	1.57403924170382
-0.127694814536933	-0.0340272651643949
1.07818889508335	0.671447448163611
3.10662965570578	1.68011438113884
-3.62709400562612	-4.74570568895951
-2.55984974728595	-3.79221056392574
-4.50264112890915	-6.03354161269991
0.284152606866177	2.82543046455490
-3.20823544434997	-3.70485324571412
-4.50512545958323	-2.23187696665779
0.719484338258519	1.77070719073101
-1.19025917732514	-5.49534714939237
2.16647500451602	2.26225081329494
2.21282141876426	1.10202045527720
1.48554098705796	-0.157302706059849
2.02601648619598	2.09391675648897
1.87072602108368	1.04881853514844
0.618242121491095	3.17258993043935
1.42889302710300	3.73509586636980
0.700869479977092	1.62830395464916
-3.11697256775187	-4.53123447557814
-1.77379101482993	-5.65729688715601
0.100131480000468	3.19286412868397
1.63474546125707	2.95364802621391
1.06745359082856	0.584955464999241
-2.50505685553592	-6.71695724227433
0.812879455158612	1.96664368195236
1.29172745500239	2.26111776353955
-2.09140514564229	-3.52948089589360
1.98769469191168	2.52299453433693
1.39293456987755	2.67678684276322
1.19455137402605	2.67439565759385
1.27978495648235	2.67839895939835
1.05122031184445	1.68742028053603
-4.15421883476858	-4.30586273439964
-1.74244448256866	-5.51069698667464
-1.54746758326075	-4.88661261667913
0.225533756060584	2.37924376563636
1.78678171040289	-0.252898234884353
2.40890695099350	0.831649303356785
-5.07681148516310	-5.22980714766402
0.465901416208128	3.20196562169025
2.92775842981169	1.33926140885356
0.823752452742385	2.32755904004441
-3.17648800406656	-6.46173284001932
-3.65208219147575	-7.88233613993966
-2.84346619630736	-5.04746760752937
0.756249637513541	3.50812707914556
-3.85022579430735	-5.46246595036189
0.102399341290041	1.11109104213879
-2.72095408129184	-5.57664589475113
0.207663134892951	1.04071536949640
-2.40290626949390	-5.84596835950279
0.0470253090466214	1.50728069574528
1.35390545423643	2.44105657917458
-2.75528329219365	-6.81723551410034
-3.11834651107508	-5.52173061443545
2.59702632391116	1.79523575169637
-4.28940788194516	-4.83856412195267
-2.94243635827117	-6.06181087486791
1.52747025114192	1.02219307127422
1.85420230115185	0.427053412541614
2.34184652204595	1.62973843448188
-1.49953344192971	1.77885453378428
-3.52093288727246	-4.54950626077889
-4.27902689177965	-5.27279807322381
-3.05622723150010	-5.10145435073486
-3.20968028317220	-6.42910594792867
-2.80789844148061	-5.76440943869138
0.832440677830296	1.46478717786308
-2.00766771100903	-4.58986245668801
-2.42375580622130	-5.78993274906049
1.35301531452715	1.73802782694457
-1.69421622844185	-4.83836287063067
-3.72930583186550	-3.02209600263651
-3.86457468757824	-4.20473357269024
-3.09492099140658	-3.96263326683064
-1.61678608443189	-2.63967003505656
1.71725372549016	0.904585081340141
-0.304851638731612	2.54923348982753
-0.00586895174407642	-0.174620566296389
1.79068346974732	2.14461465145610
-1.69631862647056	-3.82460490030746
0.883428671341144	2.66903343530230
1.55308988787829	1.15117084024208
0.0393551952808507	1.94290988080706
-0.633802395792786	2.29178626435380
1.76120028186683	1.38538145986734
2.19330715170307	1.98635681143294
-3.12581218055604	-4.60225957386344
2.63205721592088	2.41211349614860
-0.532189602965757	1.06285040463839
-3.59687378495602	-3.04875128322551
-4.52064632561286	-5.90465636420518
-0.336852404720231	2.83515703640744
-0.473846498008525	3.09453846090965
0.958336925703550	2.32118073296887
0.384492664871587	2.01511283854405
-2.32815839933650	-5.68215219156655
2.31415480877585	0.835507458783436
-2.97715570994388	-2.98170842329010
-4.17778858625395	-4.54565682163881
-0.455066582482240	2.49484074742234
-0.742349220597613	0.784151015175749
1.20530468329219	3.59078797675859
2.19293039852572	2.52647504859555
0.197176901694062	2.26481859176360
-3.33457816409975	-5.04210417981902
-0.265636422237970	1.60640210942059
0.850668646816439	-0.176310038336253
-4.82945520860790	-4.54183269575841
-0.636446678253894	0.804345567974415
-2.57001040304780	-5.26414413603151
-3.17399346231367	-5.29198514735165
1.01734434604366	2.36532839243185
-1.36875758071052	-5.38679814359135
1.82838726599109	4.41244305717062
1.21773834838148	2.74024722057940
-4.35942802143051	-5.55399293299265
-2.02949331803076	-5.94372792842958
-2.85636018951271	-5.05984818264888
-0.909244901262725	2.30974638860737
0.463178178712502	1.45801281688669
-2.91739640884172	-5.57468477010614
-2.28333598544204	-3.55814470056832
0.697967701553634	2.12228318413850
2.81358213090433	2.96227933277006
-1.80651613799480	-4.76447327022829
1.91485175284107	1.74602515667674
-4.07106191874608	-3.97862344958928
-1.68109779068746	-5.13983053294245
-4.21000314119464	-5.08155110305925
0.942919284085523	3.89175598926363
2.30936207782942	0.779745862772365
-0.0447358484096276	1.62376285601133
-4.07411490177333	-3.74175324804164
0.651733189664735	2.05242914877722
-3.67256008184294	-3.53146599800398
2.41256116072929	0.0460662993914698
-2.26353781842455	-4.96705914396077
2.50238292858280	2.56542057116020
-4.06996069280028	-3.30752185470448
-2.66528488047386	-4.52427144161174
-2.58811740474485	-4.63146978158231
-2.84587981246561	-2.80799927576694
1.73037599453729	2.07779446240028
-2.44542930232967	-3.46431489513929
1.49075227190337	2.08070118762632
0.413873860423597	2.79470780943746
-4.17284568845615	-4.09273978467709
-1.99241331403780	-4.59774041764472
1.74489965042428	3.04368893647872
-2.88647971988979	-5.53838200096708
-2.26994913255570	-5.11521548830596
-3.98351178051884	-3.17799994469701
-2.94796844328195	-7.02150665806026
-2.12240062740527	-5.63697746072323
-1.98585895905787	-5.18880322416011
0.171845030194344	2.80218464802754
1.57452073164943	1.53117563516437
-3.08434841078680	-4.85172495805533
1.28184138264526	1.95340762567341
2.13930626903051	2.35345303478243
0.574132154428291	0.743199436815710
-4.85353157634621	-6.78388004396413
-4.09682070985933	-4.47093245204802
-2.78137237247483	-4.27026813852607
1.63613989140297	0.963968562120463
1.79317808138957	1.57303731223647
-2.20575414927968	-5.94013492339912
0.101622885899253	2.07766867943203
1.15624484427755	3.79093025896060
-2.53687580506851	-5.25928694959592
2.59725391127757	2.79726313540691
-3.61263002422040	-6.21354483357206
-0.755600189360668	-3.37545033316719
-2.92765239164064	-4.62648759171008
1.11243971059374	1.55749925917530
-2.13448560369725	-5.25089179469259
-3.41569646659570	-5.92545590150903
-4.11493810592624	-4.90133967047710
-2.31474757206707	-3.31572015994801
-1.96232678472052	-4.72474060025386
0.691375065452972	1.37090890848518
1.45665960911515	3.53379627132611
-1.17778847156894	-4.64671062060298
0.724899169432331	4.73354038131324
1.44314360878379	2.16743907748505
0.865234873277150	1.52113483439732
0.981671770261314	0.587346116818195
-3.52898849307676	-6.20037556314328
-4.62796673299559	-4.83387132410813
1.46078942500721	2.97498805506897
2.36231546434230	2.28971898421854
-1.38269756829219	-4.22383823607997
1.45187456738071	3.16540825109215
-2.73586325808475	-6.38143540304975
-4.12714618565917	-3.87172097971540
2.64838365704617	1.09129438368112
-1.02836196085276	2.24057503722945
0.550743188555090	1.34595366480838
-3.55917585903522	-2.53456041496690
1.23599320171195	3.27495453830672
0.164827036216719	1.44880938906406
-0.275955163408218	1.91259113171821
1.61703508128059	1.65217968174026
1.61270150370727	2.99396253415560
1.28938115529488	2.42843617302381
-3.80884515653736	-6.55791721841574
-1.83899571440345	-7.06664782021846
1.39531612236846	0.995814719838028
-2.40789473085346	-5.07259866547852
0.129437157942990	1.36731212333692
0.502311621795775	0.954290008775063
-2.75725233551547	-4.24088855979384
-2.75952251532063	-5.08166414843977
0.893328182943847	2.50570700945875
-3.82150039884702	-5.15847329064369
0.312170864572141	2.33195372139676
-2.00688787378680	-4.99350196349872
-2.65360527548189	-6.06460780163489
-3.26113352736655	-6.64391507344967
-3.18471290508798	-3.41845017199688
-3.10173499957876	-4.70738585964519
1.33188087698142	0.364587477311887
3.36522474259891	0.0931597946838121
-3.88704314382804	-6.18760857832236
0.517769281530242	1.95960127895750
1.64744820670077	2.69719332964642
-2.25862290269465	-3.92406326343439
-1.60779212911207	-6.29737160126769
-0.526099710623734	-5.12177022983077
-0.0344247172341661	2.16880257548867
2.33955459790412	0.456203674268771
0.0308596441711703	0.448197605858295
-2.49608075730913	-4.25922846112137
1.20871560127220	2.86707780361938
-3.82248055383057	-5.84071762562236
-2.79901812935366	-5.34947080372616
0.381406644639453	1.85462700957660
1.51201564373645	1.61375833618299
1.01135417110082	3.31620411236280
0.956011373733299	1.20353577340612
3.94909254131559	2.13544137188560
-4.00705252750908	-4.97036804327719
0.369953806472652	2.41780643020860
0.953120600461807	2.81987964596370
-3.61317156023407	-3.04762653953666
3.68302551077173	1.14564662087999
-0.146690686179043	2.35731858818512
-3.65896339084952	-4.54097646805916
1.55299874546627	4.74846655587521
-3.83322932751196	-5.39931193046828
-2.62182070311286	-5.22538464334669
-4.11534259600817	-5.28028294287323
-0.0764584090924989	0.487023006471806
-2.33275864825338	-3.69327543742186
2.03063958408679	2.43397903277360
-2.20466719633390	-5.28437513486723
-1.96250814565235	-5.79171048983657
-3.02043119260268	-4.75938111175309
1.32752981247621	1.77023226653598
-2.38104691413077	-5.09464598383493
1.65212481126993	1.17291362370091
0.721138883612178	1.16801738460656
1.24519159372402	2.49789950058331
2.47251347882158	4.31562610334450
-1.27510154234740	1.20617429834746
-0.633290724921242	2.54095956928198
1.41546893697876	1.44093864288840
-1.19693648928353	-4.20676532219225
0.345231148141986	3.97656605832667
-2.94700668870744	-4.04056047153688
-3.17789008683418	-3.91289718148855
-1.22751743804459	-4.35283128535472
0.703651684593402	2.54466037528943
-0.496918876447554	1.86209444222206
0.0951655526722982	2.61987563575066
-5.50880361308089	-4.36744982985084
-3.45658918535923	-3.09672367733813
0.595818454968798	1.99441721655509
-0.569622463062622	-6.16002553723088
-3.47145408589871	-5.34730926292093
-3.56032849114832	-6.69506465741547
-4.22646737376364	-4.08061394096374
0.274201833951041	3.10719924542420
0.133514974640389	1.81440989156286
-2.20704963640179	-4.97846878314473
-5.10994043184427	-5.29934033374273
0.578153219558028	0.878582187488096
0.0573336757193844	2.24644951639911
2.34188371725795	3.56103723018519
0.0115652877051357	0.803378285437281
2.81794268764347	1.75765472200780
0.625563393492038	3.00482816344250
-3.79939512600595	-6.72101584342577
-0.451740719917382	0.0798741948726172
-2.43302490710077	-4.81656812887800
-3.00144289886256	-5.25973229670923
-2.37607533374525	-6.35478894647888
-2.87355916896532	-6.15744200050999
-2.31913220581246	-5.76198635978483
0.381318192432535	2.62544577946080
-4.28741591386074	-5.25029958717441
1.93450096229557	2.75296041778259
-2.78191514747527	-6.64876308536088
-4.56656707369580	-5.18199061726951
2.05592925649271	2.21348368352271
1.16022727674865	1.22976592713143
1.28740032024315	1.99286534747126
-2.21671806916313	-4.38431277027982
-3.31056990872157	-5.37667427086739
1.63290557704124	2.09318652477744
-2.34467558842714	-5.69803526958602
-3.53746735967075	-4.69587756996980
-0.459041869083612	2.93525120739072
-2.67135659674679	-3.89892008091808
0.418290274532823	2.66351792183160
-1.94592802857103	-5.44660797103783
-0.830149322103446	1.64976733326479
0.550896920150578	3.61987743935497
1.94927470360131	1.94916690351839
1.71744140944479	1.18730292923340
-4.97969931915418	-5.46671224876816
3.28782860567075	1.56158006530307
-4.86738818458719	-6.43582064791169
1.16672766334970	2.85860999463549
-1.15649075169974	2.19521593523834
2.68939930742667	2.88886215388271
-4.83235567102535	-5.97771610855121
2.28228074709257	2.06922182103925
0.417369035652748	4.48682132029735
1.22261448063360	0.334356882118501
-2.15140788485986	-4.39410540048512
1.77945147286240	1.58407205514798
-2.59481273993832	-5.11365452474582
1.38470715758572	1.91577539352911
-3.70245603656001	-4.23543844901022
1.69636692288331	2.08925194750749
-1.50095397871536	-4.33010254456500
0.887284440826206	3.45614720047535
0.961176299071948	2.21945351863808
1.08808862911292	1.88512274808068
-2.86220513426964	-4.62421631122453
-4.58682139990345	-4.23334718582685
-4.01914551483764	-3.47652815539256
0.210344026783651	2.06860246948310
-4.38523374102593	-4.42317580619647
-2.04511356969285	-4.57402698387923
-3.60112031937096	-5.04293097054764
-4.17189080414528	-6.24226301124121
-3.57711030709674	-5.50495167147514
2.42296061879913	2.75149485697010
-3.83643052445307	-4.67414868918479
1.00633168412962	1.31057294207682
1.68648084783394	2.45081358452442
-2.14703046991283	-6.11142337266293
0.145066366351626	0.434975342143271
-0.0752353174780824	1.92120407633757
-2.52266882132342	-4.53181567589084
-2.69767992505310	-4.67738712380868
0.909032748806369	1.05820803093897
-2.58422380938210	-4.89997856237877
0.747228167061012	1.34713849418378
-2.95702517069531	-4.69856541917903
-3.94885323005718	-4.97617636241795
2.19482381863413	2.28252923991699
-2.45839163374454	-5.02205473419634
-3.82112825871889	-5.00875792875206
-4.07190504844909	-4.07054486885009
-4.07409163637826	-5.09043231203495
1.60606370936426	0.874920957014631
1.54051442916209	1.01102591285681
-0.444939419214897	0.484141238951030
-2.13044719268673	-7.64114578749155
-2.01894858547474	-5.48614999229960
0.0323061922927401	-0.228510476873152
-4.75882536913901	-4.80403037792647
-3.14809595756704	-4.04027779275020
-2.74805825382461	-3.61967562026952
-3.61038462589284	-5.94146363795623
-2.23902018978162	-4.23913189560303
-2.74557049774961	-4.76207955208762
-3.15283367693738	-5.20837345944104
1.20205133821751	1.84847832169670
0.652122026914895	3.16274436560636
2.29008799015537	1.81806371384465
2.34115381887992	1.76604645966905
0.419202310599557	0.953265930116634
1.87513560199169	3.58331887778704
2.39544988693277	1.75058657847541
-3.55741087520918	-4.97526080075906
-2.32298234315255	-5.02809110360591
-2.15070255957794	-4.85964087177991
-2.53069281741005	-4.76241381732624
-3.23978170448926	-5.67154872555482
1.32098522195310	3.29401900835506
2.62338245841983	2.36198013792031
-2.07901454619010	-6.04500001838768
2.06243330910872	1.73694749129635
-3.90688137840709	-4.03423335813354
-2.85555939372453	-5.21975652059170
-1.60359097181820	-3.58546414230441
1.21410523803459	3.08214445191656
1.87680320196598	2.98243408019289
-3.18969875960489	-5.92418665592690
-3.84383589082600	-5.59414081990742
-1.05656195015269	-3.57872454855042
1.19440701129108	1.88855603571114
0.585107840232324	3.29595078548944
-3.24692154057488	-3.59239235329033
1.35845873439518	3.78129502150358
1.03622266804412	1.93438512426096
-2.55838084413409	-6.02900075548343
0.635368831910883	1.74431913463012
2.77101956701827	2.40463815703947
-3.80361148422036	-4.79348776859889
1.22127306771551	2.35175675332710
-2.71239056729552	-3.65888869409752
3.73037758486803	2.80751106020829
-2.53298190624610	-3.66728342587396
-2.99543839043808	-6.28489470391631
0.703834616652838	1.74440950769222
1.56429555193499	2.71511327878569
2.58262066304722	3.04859731286360
3.72923012321038	2.17754855501655
1.30356428084104	2.15329768482798
0.209741521402118	0.745675521683628
-2.67390964139674	-3.38162410905674
1.80338023250662	0.827199141691157
-1.79541328346651	-4.33835623188308
-0.319902702358688	0.538558184922204
-4.40411583207086	-4.77265355772982
0.726154240373443	0.755712012893598
-2.79443644454567	-5.22557613072058
-4.99119578942207	-5.96599343730628
1.27186692160258	1.84490062466524
2.48955350778608	0.385086186498398
-2.97159106608173	-4.90498213898805
-1.06948459124767	-5.25673250089509
2.43714152478982	4.24606514978483
-2.05886321167335	-2.68986859452748
0.972438603439502	2.73928113230972
-3.00692445130187	-4.80994027794689
-3.33824164727231	-5.17340399402517
1.92393131512653	-0.0676453626332867
-2.47173421631863	-5.01402882307576
-1.94310040565984	-5.61273831361311
-2.98525938339756	-2.92820005583267
-1.38523873308771	-4.36297591466625
-3.81585496185618	-4.92510606720353
0.678719580034207	0.845449418595700
1.66112488615042	1.89280812187260
2.91529393853916	0.287120913471138
-4.99775912436652	-3.87673280680937
-3.74819140831475	-5.03312793782661
-3.19930402063847	-5.09774770541420
1.15675960981716	1.54010545787363
-3.37276007797044	-5.55661989374634
0.699463542055981	3.09100010337293
0.499965222530154	1.83611974324327
1.71647138057145	1.93275952975567
-3.84737116016479	-5.61549900608179
2.33728872704226	0.998407544015366
3.12567994685694	1.44433855286536
1.05404578443760	0.648443657478003
1.16303591803216	2.36421132273481
0.367293259530007	1.54779239502147
-1.66276195687183	-3.39544679040232
-4.61631725794785	-4.23150456585900
-3.49181759493157	-4.91306652672047
-3.96930156700743	-3.29564086090447
-3.47410792052690	-4.97636614466187
-3.66616382519409	-4.70995718027144
-2.52162531688500	-6.41989920629391
-4.04105813301215	-4.52472644305652
2.61199149271534	2.78336596988606
-3.82065909065757	-6.44731903766646
-2.89887039398689	-5.98827999317181
-1.91601746313542	-4.05062047736803
-4.85452723738297	-4.64877602545355
0.924551275812914	3.23723664787976
-1.20024721421191	-5.87228157269773
0.526762856668638	3.07719818143346
3.18424078685721	1.96515887639626
-3.87837430557853	-5.39812717152449
-2.35226727356679	-4.74356411674082
-1.95043496774751	-4.77997454726468
-1.67690662315429	-6.71144058255245
-3.51735896563798	-6.20575524107336
1.80988110627296	1.49601266603730
-2.97568505028894	-6.77291365049391
1.71634280427727	0.775981025191212
-3.16236687355354	-5.07249164217267
-3.60566108606738	-6.72111484736827
-2.72829023599098	-4.29811877057429
-2.64135658782094	-6.00546799475347
-3.35231512278069	-6.10642682179053
-2.86764007180028	-3.20944009655810
-0.326418222800587	-2.83761584402376
-3.00756607544454	-5.81927751768226
-2.28969706333861	-5.03704958973124
-0.00557113446361335	2.11850908278750
1.43398661323223	2.95947350073537
-3.46253936281290	-3.03699600760781
1.52014359262493	1.65906956140593
-3.52787790060011	-5.54026637087654
-0.0922445173416404	1.82668166901584
-3.34578706690450	-3.28249620725334
-2.43544222626563	-4.18019171848698
0.774205548197456	2.61630050767484
-3.80153914400208	-4.94447916625774
0.595078223450813	2.86391936958770
1.52785921541996	0.583085833023748
-0.00696286411518043	2.19995195861504
2.08902677060434	2.19582685281980
2.78487471162139	1.84886759706182
0.696245479880389	2.89278416303442
0.991303368506262	1.63580981191637
1.50663502653516	1.17381131143964
2.20325198868524	2.27601130526878
-4.85294678516823	-5.35312533521493
1.52201772969873	2.45979730097268
-2.94678398254681	-3.30685071295379
-3.43641521705489	-4.28894959501975
1.39704609229707	1.78249332961475
-2.71999252773384	-5.63276393666379
0.517189159680950	2.79612296743140
0.768502805513883	0.481977432114192
1.61338521233347	0.925082967614044
-2.91539411281905	-4.60727361264020
-2.27088094043186	-5.87796156612756
2.68285053633205	-1.07216573397201
1.56839357383951	2.52140718862572
-2.09924690435417	-4.85105457079035
-4.32563829453186	-3.46812190454019
-0.206029254248903	1.00897637352444
1.43306038896324	1.74687426249667
-4.52457882848501	-4.46815223880020
0.907879251500250	3.00926526235896
0.755945062034600	2.05101205309721
0.780811336953360	1.55956720898921
0.120233283611362	1.15153058869566
-2.49756666693714	-5.75966711581130
-2.69360857435050	-4.65201585929525
0.679195674910918	1.75962916074618
-3.93916046531866	-5.69780270002509
-1.76259787356985	-2.98068522665395
-2.96698808544497	-6.79369953406574
0.215584706244368	2.60292943616153
-2.87643168177877	-5.65950755241021
-2.72606062044923	-4.22854666204232
-2.24583419171759	-5.82034109613754
-1.47550249426621	-4.98211181817940
-3.26197576225570	-4.34546477650218
-4.73068350777295	-3.74230123355202
0.635037472060931	0.483746348973655
1.11727057239355	1.93165149771857
1.17433968877148	2.78239286520973
0.784343586956825	0.579274076925151
-1.98653570000992	-5.92707999054493
0.847388520375381	2.66936513082302
1.03368821986354	2.68323663772442
1.45828220549979	1.11786377677306
2.28163122088080	0.495491244520094
-3.92773609844630	-5.16987766620126
1.62009005155826	2.43313939884596
-1.75631971377642	-5.47167248760314
-3.58948869758589	-5.11423348923079
-1.50851826521346	-4.63051310773068
0.713326137539534	2.80825571343751
1.59801571425122	2.57893798582192
0.754467324646890	2.76284912580718
-0.780737175127046	0.817872966054604
-3.80597809471427	-5.61861527853975
-1.34723922894497	2.58384769010421
-4.11259905275320	-4.19988487606799
-0.713595298822377	1.41999031811603
-2.04306043190062	-4.57330394766564
-4.36305158893729	-5.47233075519957
-2.31941503727585	-4.72404821955590
-2.56217637743427	-4.01577290085376
0.762872739032896	1.43863281080765
0.380374185168079	0.444103518141220
0.279839620342709	3.10020845629523
-3.14326754667204	-4.00689256308963
-3.34153250460056	-4.33179087747146
1.04065717363218	2.17505830190118
0.341018571416436	3.00361131033307
0.369484967171522	3.51100817427897
1.60962509118126	0.862760969684227
-0.942189365935814	-5.06499842427498
1.78233497049885	2.64301839316137
3.43658435807580	1.98723995594397
1.30240741653771	2.91425972500937
-3.37453503542580	-5.62009863409889
-3.19020319745284	-4.77589573287694
1.05831985388864	3.10769457603403
-3.93873241061170	-5.46613619498371
0.425866037606289	2.82047146146629
-3.81346236438317	-5.33208688038727
-3.58361875152860	-4.07518519327940
-1.29047462947613	-3.55297447950537
0.804787598948893	1.18238816774506
-3.39041981777104	-4.40416789251138
0.949468722474441	1.87351477889479
-0.755775040728589	2.26414290578866
0.742642376418044	5.15852807293036
-3.69006536327980	-2.94672944373851
1.74954188537113	3.22661722851171
0.429235691000248	4.32063532135348
1.49423337595312	2.41449786063902
1.99144043882525	2.21183156678029
2.07714011343418	2.61316689170251
-3.44822070192909	-6.52925034167209
1.77684179820699	1.47222303918381
-1.25984035153099	3.24160125135253
0.435623308869574	1.84236931718748
1.90149143509292	0.626398215406399
1.39467553156829	2.87083815471791
-2.28562364990039	-4.97731242479837
1.00485442371891	0.431466697858817
1.43691862802817	0.155747104084440
2.13007271999667	2.28840980970369
1.15377074109075	1.04908887248680
0.241372843256666	1.08926790593201
-4.31573124828311	-4.90471518989005
-2.37287790473685	-3.38547366486716
-4.33129484326068	-4.49872682805236
0.819836902876723	1.83805082969741
0.792210413892020	1.51109823428106
-3.13084815175967	-5.32384021109068
-4.82689617071797	-4.44578338990372
-2.46407753488985	-4.35755654469989
1.89674528793384	1.77721799206449
-2.30713528456336	-4.81737488552362
1.41230770204053	2.27206649643805
1.54751968722946	0.831469106169558
-3.68754975508074	-7.02747637513471
1.14783504354896	0.775765693070776
0.637732844636448	-0.0994786996256600
-2.68242424355958	-3.97691905799483
-2.83715765987573	-8.49154181735610
-1.84088409416936	-4.89051036483171
-2.87161194133640	-6.55133147539103
-1.96054186669827	-5.35511091283646
-3.11677114130453	-3.60144251928470
1.06114129502060	1.60975736994046
-3.64829691010425	-5.51347495682935
-3.03798120488764	-3.08282035687664
1.21670555052038	2.66428175775903
-0.398122413117753	1.29773599281982
-3.19932481877211	-4.22158943645851
1.17887037298626	2.50132753430847
-2.11833012798431	-5.24645511014379
-3.05614407090693	-5.90353165389076
1.92758421820560	2.54031374569774
0.889822064290941	2.99075098653197
-3.84123886938740	-5.49590225815941
2.57239787877300	2.98937811670199
-3.15484383808604	-4.62550521384870
-1.81140532953573	-7.37053209918113
-3.41490727923585	-4.38493799232504
1.56049061399614	1.31115881708184
0.579655394372514	1.14316239339945
0.846054610334203	2.04839001765975
-3.65861676251140	-4.72053501817376
-2.01600933190135	-4.18113491174173
-2.89877250544144	-2.95249345794894
0.724801406578441	1.33514659713242
-3.36270582412014	-5.32374435117048
1.24112045477908	3.45274196098984
1.75468639374464	3.37984575214444
-3.73882783182512	-5.98054229293486
0.708090100215078	2.09513641896969
-4.47984241022994	-3.82036582951998
-2.84662825052760	-4.10541724681281
-3.31701747186098	-5.14293062305507
-2.68108174759695	-5.59347052932442
1.45844537997720	1.57287293601605
-4.45654658794687	-4.75108280167241
-1.67816549811521	-6.12978234421128
-2.51279606244891	-4.93390538548255
2.75528863174444	2.51080780984162
1.93149059154156	1.34372637561954
1.82526444142985	1.87498322405135
-4.56662624914657	-5.63792459434566
-1.94294037105047	-5.81930764657120
-3.58757779657930	-4.03204647833126
0.185192866052729	1.46953329969274
0.465795821015314	2.10558639926695
1.24255165906232	3.12835040662740
-2.69777838206761	-4.96965099014942
0.899352050927942	2.74247804109563
-0.625048449478226	3.14360315451890
-2.78053761157902	-3.64890347617827
-0.514423152302120	1.08528575494457
-3.87820110151234	-6.08637426271259
2.02618939255219	2.17980167192443
0.241872524041091	1.01665217979915
-5.86139975927085	-4.75973496092883
3.07834478911285	2.38482857075198
-1.22198660521030	2.32569763223967
1.44876363851624	3.29631036855968
-2.46444470341475	-6.04618127879503
1.00062611540710	3.09922948349201
0.243760690885323	2.65322304874917
1.40432482613468	1.49492661272859
0.206147124718225	1.52400619301661
-3.34203730990202	-4.38128235531400
1.85978319573296	-0.0515614218312512
-3.59785885473604	-3.69496579210987
-2.58108729158970	-3.97650891863163
1.06686921061703	1.55169546206056
-3.68968072077371	-7.11538245061725
-2.32880895870906	-4.31827113268033
-0.639387393697860	0.448803465139032
-2.84910253948098	-4.99129072457551
-1.42474991337221	2.92982577846947
-3.99131888483513	-4.66572667167264
0.716170073697196	2.90193997185898
2.14580629896865	2.13828744905372
-2.16317005225167	-5.54741276318791
1.18116928954590	1.62159224149845
-2.52549102976473	-6.65098434299889
1.05425022854462	2.14306425738603
1.68775365427477	3.60503866642016
-0.393407301984535	3.34911605429135
-1.74783414523008	-4.10720672152001
2.42536573618701	1.55155788864905
0.106148842141133	2.16841132092167
-3.89262265566066	-5.50705554993292
1.03776469995419	0.879503304987266
0.636430711810843	2.40073090756309
-3.89527422936837	-5.32979114942390
-2.68667407247390	-4.83164620175103
1.14955648246056	2.73906264470299
-0.944518106162387	2.90004470462963
2.52389489453652	0.468781727840922
1.54581016806347	2.50462078686648
3.00992749452170	1.13578535406105
-2.33296683873113	-2.46325996986112
-2.17188344769646	-2.70637333859455
-2.99349072177268	-6.31866091745920
2.41667066085807	1.62344504801290
-3.23589219713672	-5.47413473404022
1.01148066555454	2.78801040504677
0.0609506789194669	2.29820564149695
-0.738908388014458	1.83625816319515
1.01697097156906	2.60673254553447
1.21915909358355	3.63449867890992
2.04582061013608	1.37650627568332
0.0490173460300891	0.649899834056779
1.79479742286168	0.837759020954944
1.07142980988741	1.05572079856845
0.226313097727611	1.32878906012606
-2.34717890504716	-4.01261800698296
-1.03546748843886	-7.07302643233928
-2.11541582652423	-3.75597388001659
1.77416184359611	2.57668116986182
1.26565471797883	-0.0857700877620431
0.764894469076743	2.23596388357804
-2.91546304292385	-5.31523958094981
-3.57451406125849	-3.60070600106567
-2.50024936925660	-5.87988139543413
2.87729222495920	1.22157864999973
1.60923940244121	3.09956194539538
-3.48410448261185	-5.92247245535207
-2.76155436435147	-2.68559710146867
0.889726120996841	1.14443570436396
1.27745747157804	2.00755762356315
1.08704591447236	1.06241423119789
1.17359305143743	1.31844031749082
-2.22175180852507	-4.41198679590626
1.45359115337109	1.73986056960894
-2.07572706810410	-5.30976763476765
0.396481969011706	1.77120463569119
-2.41186208570643	-6.03296414734987
0.202976072004156	1.47518700601009
1.36064889749370	3.12831851475534
2.88509167734150	2.55013924952215
-1.62206572279540	-3.89664926610975
-1.14879506720302	-4.65789106922847
0.693178169347200	3.85514736069923
-4.89766476744468	-7.26399322247932
-0.0127239609363869	1.72270120546938
-4.77868417910782	-5.90328581668483
-3.92264123660673	-2.02997104977550
-4.99792708362756	-5.01176629594869
0.761454492018939	3.06663077087253
0.515985188718643	-0.0992388509903686
0.672655478311694	2.63848376941835
1.47551798398411	2.37146545665710
0.869995108857645	1.62582070008588
-3.35710005772269	-6.99953906880310
-3.33640075988882	-5.88801531134959
0.405646718342324	2.69534832615125
0.556233089894979	2.87762874087129
-0.322529647742821	3.03360564858667
0.140478833777956	2.41979132036965
-0.413001172476067	2.60106922788126
0.484014099638084	1.32598168628291
-2.74957399521275	-5.41990239746405
-2.71383809882982	-4.30542164371656
-3.68616856811243	-5.16275269503594
-0.0850980967217192	0.904821543097634
0.292841409239083	1.73238327431416
-3.81331448774449	-4.89842335833724
-2.20659744114813	-5.01785846144094
-3.38194525395133	-5.96032709184664
-4.37120417016298	-3.82719435474456
0.698345454245189	2.18655037190131
-2.98969254557445	-5.36527268328748
-0.200440503800440	2.95094467183009
0.980637733757258	1.20948126310344
1.34037056418937	1.51052201806754
-2.79586795425202	-5.46341064454283
0.0367690178009600	4.97447387060198
2.11392258598057	1.37741464312849
-3.41102550632454	-4.80501042802260
-2.33643882065569	-5.06694650265186
-2.77421786056556	-5.52153013666827
-3.21284311313158	-4.87290023895770
-0.586105426024103	3.92030299011263
-3.04403457101234	-2.88698152606475
-2.54181817714328	-4.45871890386579
-3.44141737880843	-5.65508527341478
0.608205340974573	2.96114892675132
-4.05494672227734	-5.86952872714215
-3.15558425950583	-5.23889789167639
-0.484686222980091	1.44219683537589
-2.87085213674801	-6.57598732060313
0.655372831828121	1.89344484843436
-2.49057167240246	-3.17424877197445
-0.323915905729960	1.78483875349711
0.425165049164999	2.47348969209845
0.259293272390747	3.36564095839248
-0.185001874488586	0.362196283930866
-1.06486003648070	4.02372886496699
-3.03012352949432	-4.79573252118457
-3.45736494968004	-6.16339579241533
-2.40366437423353	-4.87939018135498
1.56505981225281	2.77778928558837
-3.11352844568864	-6.44351837415391
-2.19297558455889	-4.41765395395335
-3.08980273958138	-5.18146546682504
3.00014236659301	1.45109807677018
3.22332772023387	1.87398863988357
-3.00629212521205	-4.95799021836415
0.507822414116479	2.29958040729993
0.953997065504602	2.29617118400922
-3.09186067144189	-4.63815805394781
-3.92123828218312	-4.14628537769517
-3.92695153323240	-5.80977201817191
-3.96122067275214	-6.46705066866850
0.534252994164949	3.20078291754841
1.07594743212566	3.09017282673477
-1.21517016113316	-5.10389623740172
0.0812303558403754	1.64129677465403
-3.20018898621628	-5.82291339189535
-2.05958834571374	-4.57501858443074
-2.65084366284459	-6.85468437242697
-1.14071969931355	-4.14142491120760
-2.07292802683830	-4.69360634935189
-4.22696384381571	-6.11156175255254
-0.919466529823244	1.87007236950973
0.963556856989691	2.73373752377581
-3.32723914049422	-5.31724072189193